# t, z, y_noisy
0.000000000000000,0.000000000000000,0.000000000000000
0.100000000000000,0.359745550827876,0.017982365757728
0.200000000000000,0.720080656796569,0.071968761999969
0.300000000000000,1.081005600889254,0.162018158384225
0.400000000000000,1.442520666771198,0.288189552900530
0.500000000000000,1.804626138776706,0.450541971939003
0.600000000000000,2.167322301896020,0.649134470356102
0.700000000000000,2.530609441762171,0.884026131539557
0.800000000000000,2.894487844637797,1.155276067471992
0.900000000000000,3.258957797401904,1.462943418793224
1.000000000000000,3.624019587536599,1.807087354861235
1.100000000000000,3.989673503113772,2.187767073811821
1.200000000000000,4.355919832781742,2.605041802616896
1.300000000000000,4.722758865751856,3.058970797141472
1.400000000000000,5.090190891785048,3.549613342199287
1.500000000000000,5.458216201178367,4.077028751607088
1.600000000000000,5.826835084751451,4.641276368237573
1.700000000000000,6.196047833832970,5.242415564070966
1.800000000000000,6.565854740247025,5.880505740245243
1.900000000000000,6.936256096299517,6.555606327104996
2.000000000000000,7.307252194764463,7.267776784248924
2.100000000000000,7.678843328870290,8.017076600575965
2.200000000000000,8.051029792286075,8.803565294330047
2.300000000000000,8.423811879107761,9.627302413143463
2.400000000000000,8.797189883844334,10.488347534078867
2.500000000000000,9.171164101403955,11.386760263669890
2.600000000000000,9.545734827080063,12.322600237960353
2.700000000000000,9.920902356537445,13.295927122542109
2.800000000000000,10.296666985798261,14.306800612591474
2.900000000000000,10.673029011228047,15.355280432904264
3.000000000000000,11.049988729521672,16.441426337929435
3.100000000000000,11.427546437689267,17.565298111801308
3.200000000000000,11.805702433042123,18.726955568370393
3.300000000000000,12.184457013178546,19.926458551232798
3.400000000000000,12.563810475969692,21.163866933758225
3.500000000000000,12.943763119545363,22.439240619116539
3.600000000000000,13.324315242279770,23.752639540302930
3.700000000000000,13.705467142777268,25.104123660161626
3.800000000000000,14.087219119858061,26.493752971408210
3.900000000000000,14.469571472543873,27.921587496650474
4.000000000000000,14.852524500043589,29.387687288407868
4.100000000000001,15.236078501738879,30.892112429129487
4.200000000000000,15.620233777169766,32.434923031210630
4.300000000000000,16.004990626020195,34.016179237007911
4.400000000000000,16.390349348103562,35.635941218852935
4.500000000000000,16.776310243348203,37.294269179064521
4.600000000000001,17.162873611782878,38.991223349959455
4.700000000000000,17.550039753522217,40.726863993861819
4.800000000000001,17.937808968752137,42.501251403110842
4.900000000000000,18.326181557715238,44.314445900067298
5.000000000000000,18.715157820696177,46.166507837118445
5.100000000000001,19.104738058007005,48.057497596681507
5.200000000000000,19.494922569972495,49.987475591205673
5.300000000000001,19.885711656915440,51.956502263172617
5.400000000000000,20.277105619141924,53.964638085095594
5.500000000000000,20.669104756926572,56.011943559517007
5.600000000000001,21.061709370497780,58.098479219004545
5.700000000000000,21.454919760022928,60.224305626145807
5.800000000000001,21.848736225593555,62.389483373541445
5.900000000000000,22.243159067210534,64.594073083796872
6.000000000000000,22.638188584769217,66.838135409512446
6.100000000000001,23.033825078044547,69.121731033272141
6.200000000000000,23.430068846676178,71.444920667630782
6.300000000000001,23.826920190153562,73.807765055099807
6.400000000000000,24.224379407801003,76.210324968131431
6.500000000000000,24.622446798762724,78.652661209101439
6.600000000000001,25.021122661987896,81.134834610290397
6.700000000000000,25.420407296215647,83.656906033863422
6.800000000000001,25.820300999960075,86.218936371848429
6.900000000000000,26.220804071495223,88.820986546112835
7.000000000000000,26.621916808840055,91.463117508338854
7.100000000000001,27.023639509743411,94.145390239997212
7.200000000000000,27.425972471668942,96.867865752319375
7.300000000000001,27.828915991780043,99.630605086268304
7.400000000000000,28.232470366924765,102.433669312507647
7.500000000000000,28.636635893620717,105.277119531369465
7.600000000000001,29.041412868039952,108.161016872820426
7.700000000000000,29.446801585993853,111.085422496426489
7.800000000000001,29.852802342917993,114.050397591316099
7.900000000000000,30.259415433856990,117.056003376141831
8.000000000000000,30.666641153449358,120.102301099040545
8.100000000000000,31.074479795912342,123.189352037592016
8.200000000000001,31.482931655026750,126.317217498776046
8.300000000000001,31.891997024121761,129.485958818928054
8.400000000000000,32.301676196059752,132.695637363693180
8.500000000000000,32.711969463221088,135.946314527978842
8.600000000000000,33.122877117488926,139.238051735905714
8.700000000000001,33.534399450234012,142.570910440757302
8.800000000000001,33.946536752299465,145.944952124927966
8.900000000000000,34.359289313985542,149.360238299869366
9.000000000000000,34.772657425034431,152.816830506035359
9.100000000000000,35.186641374615014,156.314790312825494
9.200000000000001,35.601241451307644,159.854179318526974
9.300000000000001,36.016457943088902,163.435059150254887
9.400000000000000,36.432291137316362,167.057491463891211
9.500000000000000,36.848741320713359,170.721537944022089
9.600000000000001,37.265808779353726,174.427260303873624
9.700000000000001,37.683493798646580,178.174720285246224
9.800000000000001,38.101796663321061,181.963979658447329
9.900000000000000,38.520717657411105,185.795100222222658
10.000000000000000,38.940257064240193,189.668143803685922
10.100000000000001,39.360415166406113,193.583172258247004
10.200000000000001,39.781192245765730,197.540247469538684
10.300000000000001,40.202588583419733,201.539431349341754
10.400000000000000,40.624604459697430,205.580785837508586
10.500000000000000,41.047240154141491,209.664372901885287
10.600000000000001,41.470495945492743,213.790254538232318
10.700000000000001,41.894372111674954,217.958492770143437
10.800000000000001,42.318868929779590,222.169149648963298
10.900000000000000,42.743986676050639,226.422287253703502
11.000000000000000,43.169725625869383,230.717967690956982
11.100000000000001,43.596086053739221,235.056253094811069
11.200000000000001,44.023068233270472,239.437205626758896
11.300000000000001,44.450672437165188,243.860887475609331
11.400000000000000,44.878898937202003,248.327360857395405
11.500000000000000,45.307748004220933,252.836688015281226
11.600000000000001,45.737219908108266,257.388931219467338
11.700000000000001,46.167314917781390,261.984152767094542
11.800000000000001,46.598033301173658,266.622414982146381
11.900000000000000,47.029375325219291,271.303780215349889
12.000000000000000,47.461341255838242,276.028310844074895
12.100000000000001,47.893931357921112,280.796069272231875
12.200000000000001,48.327145895314054,285.607117930168329
12.300000000000001,48.760985130803725,290.461519274563500
12.400000000000000,49.195449326102199,295.359335788321630
12.500000000000000,49.630538741831934,300.300629980463953
12.600000000000001,50.066253637510762,305.285464386018702
12.700000000000001,50.502594271536843,310.313901565910044
12.800000000000001,50.939560901173699,315.386004106845462
12.900000000000000,51.377153782535217,320.501834621201340
13.000000000000000,51.815373170570687,325.661455746907393
13.100000000000001,52.254219319049859,330.864930147329403
13.200000000000001,52.693692480548023,336.112320511150472
13.300000000000001,53.133792906431083,341.403689552250967
13.400000000000000,53.574520846840684,346.739100009586764
13.500000000000000,54.015876550679337,352.118614647065954
13.600000000000001,54.457860265595563,357.542296253424411
13.700000000000001,54.900472237969083,363.010207642099545
13.800000000000001,55.343712712896000,368.522411651102630
13.900000000000000,55.787581934174000,374.078971142889770
14.000000000000000,56.232080144287615,379.679949004231275
14.100000000000001,56.677207584393464,385.325408146079724
14.200000000000001,57.122964494305556,391.015411503436212
14.300000000000001,57.569351112480575,396.750022035215636
14.400000000000000,58.016367676003227,402.529302724109982
14.500000000000000,58.464014420571601,408.353316576450538
14.600000000000001,58.912291580482538,414.222126622068515
14.700000000000001,59.361199388617052,420.135795914154016
14.800000000000001,59.810738076425764,426.094387529113931
14.900000000000000,60.260907873914363,432.097964566428061
15.000000000000000,60.711709009629082,438.146590148503890
15.100000000000001,61.163141710642250,444.240327420530036
15.200000000000001,61.615206202537813,450.379239550328009
15.300000000000001,62.067902709396911,456.563389728202651
15.400000000000000,62.521231453783500,462.792841166791277
15.500000000000000,62.975192656729966,469.067657100911049
15.600000000000001,63.429786537722812,475.387900787405215
15.700000000000001,63.885013314688344,481.753635504987756
15.800000000000001,64.340873203978404,488.164924554086781
15.900000000000000,64.797366420356141,494.621831256686164
16.000000000000000,65.254493176981782,501.124418956166096
16.100000000000001,65.712253685398466,507.672751017142048
16.199999999999999,66.170648155518137,514.266890825302426
16.300000000000001,66.629676795607395,520.906901787244578
16.400000000000002,67.089339812273437,527.592847330309723
16.500000000000000,67.549637410450032,534.324790902416225
16.600000000000001,68.010569793383524,541.102795971891510
16.699999999999999,68.472137162618850,547.926926027302898
16.800000000000001,68.934339717985623,554.797244577286278
16.900000000000002,69.397177657584237,561.713815150374330
17.000000000000000,69.860651177772013,568.676701294822692
17.100000000000001,70.324760473149396,575.685966578435000
17.199999999999999,70.789505736546147,582.741674588386559
17.300000000000001,71.254887159007623,589.843888931046422
17.400000000000002,71.720904929781085,596.992673231798562
17.500000000000000,72.187559236302036,604.188091134860997
17.600000000000001,72.654850264180567,611.430206303104342
17.699999999999999,73.122778197187813,618.719082417868208
17.800000000000001,73.591343217242411,626.054783178776916
17.900000000000002,74.060545504396984,633.437372303553502
18.000000000000000,74.530385236824699,640.866913527832253
18.100000000000001,75.000862590805852,648.343470604970435
18.199999999999999,75.471977740714479,655.867107305857985
18.300000000000001,75.943730859005043,663.437887418726405
18.400000000000002,76.416122116199162,671.055874748956171
18.500000000000000,76.889151680872331,678.721133118882562
18.600000000000001,77.362819719640768,686.433726367600798
18.699999999999999,77.837126397148225,694.193718350769018
18.800000000000001,78.312071876052912,702.001172940410697
18.900000000000002,78.787656317014395,709.856154024715238
19.000000000000000,79.263879878680640,717.758725507837539
19.100000000000001,79.740742717674976,725.708951309696090
19.200000000000003,80.218244988583209,733.706895365770151
19.300000000000001,80.696386843940758,741.752621626894893
19.400000000000002,81.175168434219785,749.846194059056188
19.500000000000000,81.654589907816458,757.987676643183363
19.600000000000001,82.134651411038192,766.177133374940922
19.700000000000003,82.615353088090970,774.414628264519251
19.800000000000001,83.096695081066713,782.700225336423841
19.900000000000002,83.578677529930673,791.033988629262922
20.000000000000000,84.061300572508941,799.415982195534525
20.100000000000001,84.544564344475916,807.846270101411733
20.200000000000003,85.028468979341881,816.324916426527011
20.300000000000001,85.513014608440628,824.851985263755182
20.400000000000002,85.998201360917122,833.427540718995147
20.500000000000000,86.484029363715194,842.051646910950126
20.600000000000001,86.970498741565351,850.724367970907338
20.700000000000003,87.457609616972562,859.445768042515851
20.800000000000001,87.945362110204144,868.215911281563422
20.900000000000002,88.433756339277664,877.034861855752183
21.000000000000000,88.922792419948962,885.902683944473097
21.100000000000001,89.412470465700153,894.819441738578917
21.200000000000003,89.902790587727694,903.785199440156589
21.300000000000001,90.393752894930572,912.800021262297946
21.400000000000002,90.885357493898439,921.863971428869263
21.500000000000000,91.377604488899919,930.977114174279791
21.600000000000001,91.870493981870851,940.139513743249267
21.700000000000003,92.364026072402680,949.351234390573723
21.800000000000001,92.858200857730878,958.612340380890714
21.900000000000002,93.353018432723360,967.922895988443088
22.000000000000000,93.848478889869071,977.282965496841598
22.100000000000001,94.344582319266536,986.692613198826393
22.200000000000003,94.841328808612460,996.151903396027592
22.300000000000001,95.338718443190487,1005.660900398724380
22.400000000000002,95.836751305859906,1015.219668525603197
22.500000000000000,96.335427477044448,1024.828272103514792
22.600000000000001,96.834747034721190,1034.486775467229791
22.700000000000003,97.334710054409442,1044.195242959194047
22.800000000000001,97.835316609159719,1053.953738929281826
22.900000000000002,98.336566769542813,1063.762327734548535
23.000000000000000,98.838460603638850,1073.621073738982204
23.100000000000001,99.340998177026464,1083.530041313254060
23.200000000000003,99.844179552771990,1093.489294834467501
23.300000000000001,100.348004791418759,1103.498898685906624
23.400000000000002,100.852473950976389,1113.558917256783161
23.500000000000000,101.357587086910215,1123.669414941982495
23.600000000000001,101.863344252130688,1133.830456141809464
23.700000000000003,102.369745496982944,1144.042105261731194
23.800000000000001,102.876790869236302,1154.304426712120858
23.900000000000002,103.384480414073920,1164.617484907999369
24.000000000000000,103.892814174082503,1174.981344268776184
24.100000000000001,104.401792189242016,1185.396069217989179
24.200000000000003,104.911414496915484,1195.861724183043407
24.300000000000001,105.421681131838895,1206.378373594948926
24.400000000000002,105.932592126111089,1216.946081888057734
24.500000000000000,106.444147509183765,1227.564913499799331
24.600000000000001,106.956347307851530,1238.234932870415832
24.700000000000003,107.469191546242016,1248.956204442695253
24.800000000000001,107.982680245806009,1259.728792661704802
24.900000000000002,108.496813425307735,1270.552761974522582
25.000000000000000,109.011591100815110,1281.428176829968152
25.100000000000001,109.527013285690117,1292.355101678332858
25.200000000000003,110.043079990579216,1303.333600971108353
25.300000000000001,110.559791223403806,1314.363739160714886
25.400000000000002,111.077146989350808,1325.445580700228220
25.500000000000000,111.595147290863196,1336.579190043105655
25.600000000000001,112.113792127630731,1347.764631642911127
25.700000000000003,112.633081496580630,1359.001969953039634
25.800000000000001,113.153015391868379,1370.291269426440294
25.900000000000002,113.673593804868574,1381.632594515338951
26.000000000000000,114.194816724165833,1393.026009670959183
26.100000000000001,114.716684135545762,1404.471579343243320
26.200000000000003,115.239196021986004,1415.969367980572088
26.300000000000001,115.762352363647310,1427.519440029483121
26.400000000000002,116.286153137864702,1439.121859934388794
26.500000000000000,116.810598319138734,1450.776692137293367
26.600000000000001,117.335687879126709,1462.484001077508992
26.700000000000003,117.861421786634068,1474.243851191371277
26.800000000000001,118.387800007605804,1486.056306911953243
26.900000000000002,118.914822505117883,1497.921432668779062
27.000000000000000,119.442489239368811,1509.839292887536885
27.100000000000001,119.970800167671243,1521.809951989790079
27.200000000000003,120.499755244443591,1533.833474392688913
27.300000000000001,121.029354421201788,1545.909924508680433
27.400000000000002,121.559597646551026,1558.039366745217876
27.500000000000000,122.090484866177633,1570.221865504468724
27.600000000000001,122.622016022840953,1582.457485183023437
27.700000000000003,123.154191056365320,1594.746290171601231
27.800000000000001,123.687009903632102,1607.088344854756770
27.900000000000002,124.220472498571752,1619.483713610585482
28.000000000000000,124.754578772156009,1631.932460810427983
28.100000000000001,125.289328652390054,1644.434650818573800
28.200000000000003,125.824722064304837,1656.990347991964200
28.300000000000001,126.360758929949384,1669.599616679894552
28.400000000000002,126.897439168383201,1682.262521223716021
28.500000000000000,127.434762695668738,1694.979125956535427
28.600000000000001,127.972729424863900,1707.749495202915796
28.700000000000003,128.511339266014630,1720.573693278575774
28.800000000000001,129.050592126147563,1733.451784490087221
28.900000000000002,129.590487909262720,1746.383833134573706
29.000000000000000,130.131026516326244,1759.369903499407201
29.100000000000001,130.672207845263301,1772.410059861903846
29.200000000000003,131.214031790950912,1785.504366489020640
29.300000000000001,131.756498245210878,1798.652887637048934
29.400000000000002,132.299607096802816,1811.855687551309529
29.500000000000000,132.843358231417227,1825.112830465845946
29.600000000000001,133.387751531668641,1838.424380603116788
29.700000000000003,133.932786877088773,1851.790402173687880
29.800000000000001,134.478464144119755,1865.210959375924176
29.900000000000002,135.024783206107486,1878.686116395679619
30.000000000000000,135.571743933294954,1892.215937405988143
30.100000000000001,136.119346192815698,1905.800486566752170
30.200000000000003,136.667589848687243,1919.439828024432018
30.300000000000001,137.216474761804704,1933.134025911733715
30.400000000000002,137.766000789934310,1946.883144347296138
30.500000000000000,138.316167787707116,1960.687247435378140
30.600000000000001,138.866975606612726,1974.546399265544778
30.700000000000003,139.418424094993043,1988.460663912352629
30.800000000000001,139.970513098036093,2002.430105435034875
30.900000000000002,140.523242457769925,2016.454787877185481
31.000000000000000,141.076612013056547,2030.534775266443148
31.100000000000001,141.630621599585965,2044.670131614174124
31.200000000000003,142.185271049870209,2058.860920915155020
31.300000000000001,142.740560193237457,2073.107207147254030
31.400000000000002,143.296488855826226,2087.409054271112836
31.500000000000000,143.853056860579528,2101.766526229827377
31.600000000000001,144.410264027239265,2116.179686948628387
31.700000000000003,144.968110172340516,2130.648600334559433
31.800000000000001,145.526595109205886,2145.173330276158140
31.900000000000002,146.085718647940041,2159.753940643132410
32.000000000000000,146.645480595424175,2174.390495286040732
32.100000000000001,147.205880755310545,2189.083058035967042
32.200000000000003,147.766918928017077,2203.831692704199668
32.300000000000004,148.328594910722131,2218.636463081906641
32.399999999999999,148.890908497359106,2233.497432939811461
32.500000000000000,149.453859478611264,2248.414666027868407
32.600000000000001,150.017447641906529,2263.388226074937847
32.700000000000003,150.581672771412428,2278.418176788459732
32.800000000000004,151.146534648030979,2293.504581854127082
32.899999999999999,151.712033049393625,2308.647504935560391
33.000000000000000,152.278167749856379,2323.847009673978846
33.100000000000001,152.844938520494821,2339.103159687873813
33.200000000000003,153.412345129099236,2354.416018572679604
33.300000000000004,153.980387340169870,2369.785649900445605
33.399999999999999,154.549064914912094,2385.212117219505672
33.500000000000000,155.118377611231750,2400.695484054150256
33.600000000000001,155.688325183730427,2416.235813904294446
33.700000000000003,156.258907383700887,2431.833170245148267
33.800000000000004,156.830123959122488,2447.487616526886086
33.899999999999999,157.401974654656669,2463.199216174313278
34.000000000000000,157.974459211642454,2478.968032586535628
34.100000000000001,158.547577368092107,2494.794129136626907
34.200000000000003,159.121328858686667,2510.677569171295545
34.300000000000004,159.695713414771660,2526.618416010550845
34.399999999999999,160.270730764352805,2542.616732947369655
34.500000000000000,160.846380632091808,2558.672583247363036
34.600000000000001,161.422662739302154,2574.786030148440204
34.700000000000003,161.999576803944962,2590.957136860474293
34.800000000000004,162.577122540624856,2607.185966564966748
34.899999999999999,163.155299660585939,2623.472582414711724
35.000000000000000,163.734107871707806,2639.817047533459117
35.100000000000001,164.313546878501569,2656.219425015578963
35.200000000000003,164.893616382105847,2672.679777925723101
35.300000000000004,165.474316080283018,2689.198169298489120
35.399999999999999,166.055645667415291,2705.774662138081567
35.500000000000000,166.637604834500905,2722.409319417974075
35.600000000000001,167.220193269150428,2739.102204080570573
35.700000000000003,167.803410655583008,2755.853379036866954
35.800000000000004,168.387256674622733,2772.662907166110926
35.899999999999999,168.971731003694913,2789.530851315462769
36.000000000000000,169.556833316822548,2806.457274299655182
36.100000000000001,170.142563284622810,2823.442238900653138
36.200000000000003,170.728920574303459,2840.485807867312360
36.300000000000004,171.315904849659375,2857.588043915039634
36.399999999999999,171.903515771069181,2874.749009725449469
36.500000000000000,172.491752995491737,2891.968767946023945
36.600000000000001,173.080616176462826,2909.247381189769385
36.700000000000003,173.670104964091877,2926.584912034874833
36.800000000000004,174.260219005058616,2943.981423024368723
36.899999999999999,174.850957942609767,2961.436976665776001
37.000000000000000,175.442321416555927,2978.951635430773877
37.100000000000001,176.034309063268324,2996.525461754849402
37.200000000000003,176.626920515675664,3014.158518036954320
37.300000000000004,177.220155403261032,3031.850866639160813
37.399999999999999,177.814013352058737,3049.602569886317269
37.500000000000000,178.408493984651386,3067.413690065702667
37.600000000000001,179.003596920166757,3085.284289426681880
37.700000000000003,179.599321774274841,3103.214430180359614
37.800000000000004,180.195668159184862,3121.204174499233886
37.899999999999999,180.792635683642430,3139.253584516851788
38.000000000000000,181.390223952926505,3157.362722327460233
38.100000000000001,181.988432568846690,3175.531649985661716
38.200000000000003,182.587261129740256,3193.760429506065520
38.300000000000004,183.186709230469404,3212.049122862941203
38.400000000000006,183.786776462418459,3230.397791989870257
38.500000000000000,184.387462413491164,3248.806498779399135
38.600000000000001,184.988766668107843,3267.275305082690465
38.700000000000003,185.590688807202838,3285.804272709173802
38.800000000000004,186.193228408221728,3304.393463426198650
38.900000000000006,186.796385045118711,3323.042938958684317
39.000000000000000,187.400158288354049,3341.752760988770660
39.100000000000001,188.004547704891365,3360.522991155468844
39.200000000000003,188.609552858195144,3379.353691054311639
39.300000000000004,189.215173308228117,3398.244922237002811
39.400000000000006,189.821408611448817,3417.196746211067421
39.500000000000000,190.428258320809022,3436.209224439501213
39.600000000000001,191.035721985751252,3455.282418340419099
39.700000000000003,191.643799152206356,3474.416389286705453
39.800000000000004,192.252489362591064,3493.611198605661684
39.900000000000006,192.861792155805574,3512.866907578655173
40.000000000000000,193.471707067231080,3532.183577440767294
40.100000000000001,194.082233628727494,3551.561269380440990
40.200000000000003,194.693371368631034,3571.000044539130158
40.300000000000004,195.305119811751865,3590.499964010944950
40.400000000000006,195.917478479371823,3610.061088842300705
40.500000000000000,196.530446889242086,3629.683480031564613
40.600000000000001,197.144024555580870,3649.367198528701920
40.700000000000003,197.758210989071159,3669.112305234923042
40.800000000000004,198.373005696858456,3688.918861002329777
40.900000000000006,198.988408182548568,3708.786926633561961
41.000000000000000,199.604417946205359,3728.716562881442314
41.100000000000001,200.221034484348479,3748.707830448623099
41.200000000000003,200.838257289951230,3768.760789987231419
41.300000000000004,201.456085852438406,3788.875502098513607
41.400000000000006,202.074519657684021,3809.052027332481430
41.500000000000000,202.693558188009263,3829.290426187556932
41.600000000000001,203.313200922180215,3849.590759110215458
41.700000000000003,203.933447335405873,3869.953086494631862
41.800000000000004,204.554296899335867,3890.377468682323979
41.900000000000006,205.175749082058445,3910.863965961796112
42.000000000000000,205.797803348098313,3931.412638568183411
42.100000000000001,206.420459158414559,3952.023546682895358
42.200000000000003,207.043715970398580,3972.696750433259240
42.300000000000004,207.667573237871949,3993.432309892162266
42.400000000000006,208.292030411084369,4014.230285077695498
42.500000000000000,208.917086936711627,4035.090735952796877
42.600000000000001,209.542742257853490,4056.013722424892421
42.700000000000003,210.168995814031661,4076.999304345539713
42.800000000000004,210.795847041187784,4098.047541510069095
42.900000000000006,211.423295371681320,4119.158493657226245
43.000000000000000,212.051340234287551,4140.332220468813830
43.100000000000001,212.679981054195537,4161.568781569331804
43.200000000000003,213.309217253006068,4182.868236525620887
43.300000000000004,213.939048248729677,4204.230644846501491
43.400000000000006,214.569473455784561,4225.656065982415384
43.500000000000000,215.200492284994596,4247.144559325067348
43.600000000000001,215.832104143587287,4268.696184207064107
43.700000000000003,216.464308435191754,4290.310999901555988
43.800000000000004,217.097104559836708,4311.989065621874943
43.900000000000006,217.730491913948413,4333.730440521176206
44.000000000000000,218.364469890348744,4355.535183692078135
44.100000000000001,218.999037878253034,4377.403354166300232
44.200000000000003,219.634195263268168,4399.335010914302984
44.300000000000004,220.269941427390478,4421.330212844927701
44.400000000000006,220.906275749003726,4443.389018805034539
44.500000000000000,221.543197602877143,4465.511487579141431
44.600000000000001,222.180706360163271,4487.697677889061197
44.700000000000003,222.818801388396054,4509.947648393543204
44.800000000000004,223.457482051488682,4532.261457687906841
44.900000000000006,224.096747709731602,4554.639164303683174
45.000000000000000,224.736597719790467,4577.080826708251152
45.100000000000001,225.377031434704065,4599.586503304473808
45.200000000000003,226.018048203882216,4622.156252430338100
45.300000000000004,226.659647373103780,4644.790132358589290
45.400000000000006,227.301828284514528,4667.488201296369880
45.500000000000000,227.944590276625064,4690.250517384853993
45.600000000000001,228.587932684308697,4713.077138698885392
45.700000000000003,229.231854838799393,4735.968123246613686
45.800000000000004,229.876356067689642,4758.923528969129620
45.900000000000006,230.521435694928329,4781.943413740101278
46.000000000000000,231.167093040818628,4805.027835365408464
46.100000000000001,231.813327422015817,4828.176851582779818
46.200000000000003,232.460138151525172,4851.390520061426287
46.300000000000004,233.107524538699778,4874.668898401678234
46.400000000000006,233.755485889238344,4898.012044134616190
46.500000000000000,234.404021505183067,4921.420014721710686
46.600000000000001,235.053130684917420,4944.892867554451186
46.700000000000003,235.702812723163873,4968.430659953983195
46.800000000000004,236.353066910981767,4992.033449170740823
46.900000000000006,237.003892535765033,5015.701292384082990
47.000000000000000,237.655288881239898,5039.434246701921438
47.100000000000001,238.307255227462718,5063.232369160359667
47.200000000000003,238.959790850817598,5087.095716723322766
47.300000000000004,239.612895024014193,5111.024346282189072
47.400000000000006,240.266567016085304,5135.018314655425456
47.500000000000000,240.920806092384623,5159.077678588218077
47.600000000000001,241.575611514584381,5183.202494752104030
47.700000000000003,242.230982540672983,5207.392819744603003
47.800000000000004,242.886918424952569,5231.648710088849839
47.900000000000006,243.543418418036737,5255.970222233225286
48.000000000000000,244.200481766848071,5280.357412550986737
48.100000000000001,244.858107714615699,5304.810337339898979
48.200000000000003,245.516295500872872,5329.329052821864934
48.300000000000004,246.175044361454496,5353.913615142556409
48.400000000000006,246.834353528494660,5378.564080371043019
48.500000000000000,247.494222230424100,5403.280504499422932
48.600000000000001,248.154649691967734,5428.062943442452706
48.700000000000003,248.815635134142042,5452.911453037175306
48.800000000000004,249.477177774252596,5477.826089042549938
48.900000000000006,250.139276825891358,5502.806907139080977
49.000000000000000,250.801931498934238,5527.853962928445981
49.100000000000001,251.465140999538306,5552.967311933124620
49.200000000000003,252.128904530139238,5578.147009596024873
49.300000000000004,252.793221289448638,5603.393111280113771
49.400000000000006,253.458090472451318,5628.705672268042690
49.500000000000000,254.123511270402616,5654.084747761774452
49.600000000000001,254.789482870825680,5679.530392882210435
49.700000000000003,255.456004457508612,5705.042662668819503
49.800000000000004,256.123075210501838,5730.621612079260558
49.900000000000006,256.790694306115142,5756.267295989011473
50.000000000000000,257.458860916915000,5781.979769190994375
50.100000000000001,258.127574211721537,5807.759086395200029
50.200000000000003,258.796833355605884,5833.605302228313121
50.300000000000004,259.466637509887050,5859.518471233339369
50.400000000000006,260.136985832129142,5885.498647869227170
50.500000000000000,260.807877476138401,5911.545886510495620
50.600000000000001,261.479311591960141,5937.660241446853433
50.700000000000003,262.151287325875842,5963.841766882828779
50.800000000000004,262.823803820400087,5990.090516937387292
50.900000000000006,263.496860214277490,6016.406545643559184
51.000000000000000,264.170455642479681,6042.789906948059070
51.100000000000001,264.844589236202069,6069.240654710911258
51.200000000000003,265.519260122860885,6095.758842705069583
51.300000000000004,266.194467426089943,6122.344524616040871
51.400000000000006,266.870210265737455,6148.997754041506596
51.500000000000000,267.546487757862792,6175.718584490942703
51.600000000000001,268.223299014733243,6202.507069385242175
51.700000000000003,268.900643144820890,6229.363262056334861
51.800000000000004,269.578519252799083,6256.287215746807306
51.900000000000006,270.256926439539370,6283.278983609524403
52.000000000000000,270.935863802107917,6310.338618707247406
52.100000000000001,271.615330433762267,6337.466174012253759
52.200000000000003,272.295325423947986,6364.661702405956021
52.300000000000004,272.975847858295083,6391.925256678520782
52.400000000000006,273.656896818614655,6419.256889528485772
52.500000000000000,274.338471382895307,6446.656653562380598
52.600000000000001,275.020570625299797,6474.124601294341119
52.700000000000003,275.703193616161343,6501.660785145727459
52.800000000000004,276.386339421980040,6529.265257444742929
52.900000000000006,277.070007105419336,6556.938070426049308
53.000000000000000,277.754195725302452,6584.679276230380310
53.100000000000001,278.438904336608573,6612.488926904162327
53.200000000000003,279.124131990469266,6640.367074399126068
53.300000000000004,279.809877734164672,6668.313770571922760
53.400000000000006,280.496140611119870,6696.329067183739426
53.500000000000000,281.182919660901007,6724.413015899912352
53.600000000000001,281.870213919211551,6752.565668289542373
53.700000000000003,282.558022417888424,6780.787075825105603
53.800000000000004,283.246344184898078,6809.077289882069635
53.900000000000006,283.935178244332747,6837.436361738504274
54.000000000000000,284.624523616406407,6865.864342574695911
54.100000000000001,285.314379317450857,6894.361283472756440
54.200000000000003,286.004744359911740,6922.927235416238545
54.300000000000004,286.695617752344447,6951.562249289743704
54.400000000000006,287.386998499410254,6980.266375878533836
54.500000000000000,288.078885601872116,7009.039665868143857
54.600000000000001,288.771278056590518,7037.882169843988777
54.700000000000003,289.464174856519492,7066.793938290974438
54.800000000000004,290.157574990702358,7095.775021593106430
54.900000000000006,290.851477444267516,7124.825470033099919
55.000000000000000,291.545881198424354,7153.945333791985831
55.100000000000001,292.240785230458812,7183.134662948719779
55.200000000000003,292.936188513729292,7212.393507479790969
55.300000000000004,293.632090017662165,7241.721917258826579
55.400000000000006,294.328488707747624,7271.119942056200671
55.500000000000000,295.025383545535078,7300.587631538638561
55.600000000000001,295.722773488629059,7330.125035268823922
55.700000000000003,296.420657490684505,7359.732202705002237
55.800000000000004,297.119034501402439,7389.409183200587904
55.900000000000006,297.817903466525536,7419.156026003767693
56.000000000000000,298.517263327833518,7448.972780257104205
56.100000000000001,299.217113023138666,7478.859494997139336
56.200000000000003,299.917451486281152,7508.816219153998645
56.300000000000004,300.618277647124557,7538.843001550991175
56.400000000000006,301.319590431551262,7568.939890904214735
56.500000000000000,302.021388761457615,7599.106935822155720
56.600000000000001,302.723671554749387,7629.344184805290752
56.700000000000003,303.426437725337053,7659.651686245687415
56.800000000000004,304.129686183131014,7690.029488426604075
56.900000000000006,304.833415834036884,7720.477639522089703
57.000000000000000,305.537625579950543,7750.996187596583695
57.100000000000001,306.242314318753472,7781.585180604514790
57.200000000000003,306.947480944307870,7812.244666389898157
57.300000000000004,307.653124346451705,7842.974692685935224
57.400000000000006,308.359243410993827,7873.775307114608040
57.500000000000000,309.065837019709079,7904.646557186279097
57.600000000000001,309.772904050333295,7935.588490299285695
57.700000000000003,310.480443376558355,7966.601153739537949
57.800000000000004,311.188453868027125,7997.684594680111331
57.900000000000006,311.896934390328397,8028.838860180843767
58.000000000000000,312.605883804991890,8060.063997187928180
58.100000000000001,313.315300969483076,8091.360052533508679
58.200000000000003,314.025184737198117,8122.727072935271281
58.300000000000004,314.735533957458699,8154.165104996039190
58.400000000000006,315.446347475506855,8185.674195203361705
58.500000000000000,316.157624132499791,8217.254389929110403
58.600000000000001,316.869362765504661,8248.905735429067136
58.700000000000003,317.581562207493334,8280.628277842515672
58.800000000000004,318.294221287336995,8312.422063191832422
58.900000000000006,319.007338829801029,8344.287137382076253
59.000000000000000,319.720913655539619,8376.223546200575583
59.100000000000001,320.434944581090406,8408.231335316517288
59.200000000000003,321.149430418869144,8440.310550280539246
59.300000000000004,321.864369977164245,8472.461236524313790
59.400000000000006,322.579762060131429,8504.683439360134798
59.500000000000000,323.295605467788278,8536.977203980502964
59.600000000000001,324.011898996008767,8569.342575457716521
59.700000000000003,324.728641436517819,8601.779598743452880
59.800000000000004,325.445831576885666,8634.288318668353895
59.900000000000006,326.163468200522516,8666.868779941611137
60.000000000000000,326.881550086672860,8699.521027150547525
60.100000000000001,327.600076010410021,8732.245104760204413
60.200000000000003,328.319044742630410,8765.041057112919589
60.300000000000004,329.038455050048128,8797.908928427910723
60.400000000000006,329.758305695189108,8830.848762800858822
60.500000000000000,330.478595436385604,8863.860604203489856
60.600000000000001,331.199323027770504,8896.944496483149123
60.700000000000003,331.920487219271649,8930.100483362386512
60.800000000000004,332.642086756606091,8963.328608438536321
60.900000000000006,333.364120381274404,8996.628915183291610
61.000000000000000,334.086586830554836,9030.001446942284019
61.100000000000001,334.809484837497735,9063.446246934663577
61.200000000000003,335.532813130919521,9096.963358252673061
61.300000000000004,336.256570435397180,9130.552823861222350
61.400000000000006,336.980755471262114,9164.214686597471882
61.500000000000000,337.705366954594638,9197.948989170397908
61.600000000000001,338.430403597217946,9231.755774160374131
61.700000000000003,339.155864106692206,9265.635084018742418
61.800000000000004,339.881747186308871,9299.586961067388984
61.900000000000006,340.608051535084542,9333.611447498315101
62.000000000000000,341.334775847755225,9367.708585373207825
62.100000000000001,342.061918814770365,9401.878416623016165
62.200000000000003,342.789479122286878,9436.120983047518166
62.300000000000004,343.517455452163233,9470.436326314891630
62.400000000000006,344.245846481953436,9504.824487961286650
62.500000000000000,344.974650884901166,9539.285509390392690
62.600000000000001,345.703867329933587,9573.819431873009307
62.700000000000003,346.433494481655543,9608.426296546609592
62.800000000000004,347.163531000343312,9643.106144414912706
62.900000000000006,347.893975541938858,9677.859016347449142
63.000000000000000,348.624826758043582,9712.684953079124170
63.100000000000001,349.356083295912242,9747.583995209788554
63.200000000000003,350.087743798447093,9782.556183203801993
63.300000000000004,350.819806904191637,9817.601557389592926
63.400000000000006,351.552271247324597,9852.720157959227436
63.500000000000000,352.285135457653837,9887.912024967970865
63.600000000000001,353.018398160610218,9923.177198333851265
63.700000000000003,353.752057977241520,9958.515717837221018
63.800000000000004,354.486113524206360,9993.927623120316639
63.900000000000006,355.220549791258350,10029.412952895792841
64.000000000000000,355.955442806358349,10064.971748640018632
64.100000000000009,356.690801533347269,10100.604056980802852
64.200000000000003,357.426624834602762,10136.309924432505795
64.299999999999997,358.162911566215769,10172.089397395411652
64.400000000000006,358.899660577970735,10207.942522155097322
64.500000000000000,359.636870713326232,10243.869344881801226
64.600000000000009,360.374540809395512,10279.869911629793933
64.700000000000003,361.112669696927185,10315.944268336737878
64.799999999999997,361.851256200286002,10352.092460823048896
64.900000000000006,362.590299137433760,10388.314534791263213
65.000000000000000,363.329797319910426,10424.610535825389888
65.100000000000009,364.069749552815210,10460.980509390268708
65.200000000000003,364.810154634787750,10497.424500830929901
65.299999999999997,365.551011357989580,10533.942555371942944
65.400000000000006,366.292318508085657,10570.534718116767181
65.500000000000000,367.034074864225772,10607.201034047104258
65.600000000000009,367.776279199026533,10643.941548022243296
65.700000000000003,368.518930278553000,10680.756304778409685
65.799999999999997,369.262026862300843,10717.645348928104795
65.900000000000006,370.005567703178315,10754.608724959451138
66.000000000000000,370.749551547488522,10791.646477235532075
66.100000000000009,371.493977134911859,10828.758649993729705
66.200000000000003,372.238843198488269,10865.945287345062752
66.299999999999997,372.984148464600196,10903.206433273520815
66.400000000000006,373.729891652955075,10940.542131635400438
66.500000000000000,374.476071476568279,10977.952426158630260
66.600000000000009,375.222686641746179,11015.437360442108911
66.700000000000003,375.969735848069320,11052.996977955026523
66.799999999999997,376.717217788375649,11090.631322036197162
66.900000000000006,377.465131148743978,11128.340435893380345
67.000000000000000,378.213474608477611,11166.124362602602559
67.100000000000009,378.962246840088028,11203.983145107482414
67.200000000000003,379.711446509278687,11241.916826218550341
67.299999999999997,380.461072274929165,11279.925448612564651
67.400000000000006,381.211122789079184,11318.009054831829417
67.500000000000000,381.961596696913034,11356.167687283512350
67.600000000000009,382.712492636743889,11394.401388238955406
67.700000000000003,383.463809239998511,11432.710199832985381
67.799999999999997,384.215545131202020,11471.094164063229982
67.900000000000006,384.967698927962715,11509.553322789421145
68.000000000000000,385.720269240957180,11548.087717732707461
68.100000000000009,386.473254673915562,11586.697390474955682
68.200000000000003,387.226653823606853,11625.382382458059510
68.299999999999997,387.980465279824443,11664.142734983239279
68.400000000000006,388.734687625371862,11702.978489210345288
68.500000000000000,389.489319436048618,11741.889686157161123
68.600000000000009,390.244359280636161,11780.876366698696074
68.700000000000003,390.999805720884126,11819.938571566486644
68.799999999999997,391.755657311496634,11859.076341347894413
68.900000000000006,392.511912600118819,11898.289716485396639
69.000000000000000,393.268570127323528,11937.578737275880485
69.100000000000009,394.025628426598075,11976.943443869939074
69.200000000000003,394.783086024331340,12016.383876271158442
69.299999999999997,395.540941439800974,12055.900074335406316
69.400000000000006,396.299193185160732,12095.492077770124524
69.500000000000000,397.057839765427843,12135.159926133612316
69.600000000000009,397.816879678470912,12174.903658834313319
69.700000000000003,398.576311414997804,12214.723315130100673
69.799999999999997,399.336133458543486,12254.618934127558532
69.900000000000006,400.096344285458429,12294.590554781265382
70.000000000000000,400.856942364897009,12334.638215893077358
70.100000000000009,401.617926158805972,12374.761956111404288
70.200000000000003,402.379294121913347,12414.961813930489370
70.299999999999997,403.141044701717249,12455.237827689687037
70.400000000000006,403.903176338475134,12495.590035572740817
70.500000000000000,404.665687465193002,12536.018475607057553
70.600000000000009,405.428576507614991,12576.523185662979813
70.700000000000003,406.191841884212977,12617.104203453063747
70.799999999999997,406.955482006176453,12657.761566531346034
70.900000000000006,407.719495277402586,12698.495312292618109
71.000000000000000,408.483880094486437,12739.305477971698565
71.100000000000009,409.248634846711525,12780.192100642698279
71.200000000000003,410.013757916040220,12821.155217218289181
71.299999999999997,410.779247677104706,12862.194864448974840
71.400000000000006,411.545102497197888,12903.311078922355591
71.500000000000000,412.311320736264747,12944.503897062391843
71.600000000000009,413.077900746893476,12985.773355128671028
71.700000000000003,413.844840874307238,13027.119489215672729
71.799999999999997,414.612139456355919,13068.542335252030171
71.900000000000006,415.379794823508064,13110.041928999791708
72.000000000000000,416.147805298843025,13151.618306053682318
72.100000000000009,416.916169198043349,13193.271501840366909
72.200000000000003,417.684884829387272,13235.001551617706355
72.299999999999997,418.453950493741559,13276.808490474020800
72.400000000000006,419.223364484554509,13318.692353327345700
72.500000000000000,419.993125087848966,13360.653174924691484
72.600000000000009,420.763230582215726,13402.690989841295959
72.700000000000003,421.533679238807110,13444.805832479885794
72.799999999999997,422.304469321330771,13486.997737069932555
72.900000000000006,423.075599086043553,13529.266737666903282
73.000000000000000,423.847066781745752,13571.612868151518342
73.100000000000009,424.618870649775374,13614.036162229007459
73.200000000000003,425.391008924002847,13656.536653428358477
73.299999999999997,426.163479830825736,13699.114375101573387
73.400000000000006,426.936281589163627,13741.769360422918908
73.500000000000000,427.709412410453467,13784.501642388182518
73.600000000000009,428.482870498644900,13827.311253813917574
73.700000000000003,429.256654050195777,13870.198227336701166
73.799999999999997,430.030761254068125,13913.162595412379233
73.900000000000006,430.805190291724045,13956.204390315318960
74.000000000000000,431.579939337122028,13999.323644137659358
74.100000000000009,432.355006556713249,14042.520388788560012
74.200000000000003,433.130390109438338,14085.794655993449851
74.299999999999997,433.906088146724244,14129.146477293275893
74.400000000000006,434.682098812481115,14172.575884043753831
74.500000000000000,435.458420243099795,14216.082907414611327
74.600000000000009,436.235050567449207,14259.667578388842230
74.700000000000003,437.011987906873969,14303.329927761948056
74.799999999999997,437.789230375192403,14347.069986141190384
74.900000000000006,438.566776078694659,14390.887783944835974
75.000000000000000,439.344623116140951,14434.783351401403706
75.100000000000009,440.122769578760142,14478.756718548913341
75.200000000000003,440.901213550248485,14522.807915234128814
75.299999999999997,441.679953106768608,14566.936971111808816
75.400000000000006,442.458986316948653,14611.143915643950095
75.500000000000000,443.238311241881775,14655.428778099034389
75.600000000000009,444.017925935125504,14699.791587551280827
75.700000000000003,444.797828442701871,14744.232372879881950
75.799999999999997,445.578016803097114,14788.751162768259746
75.900000000000006,446.358489047262140,14833.347985703305312
76.000000000000000,447.139243198612917,14878.022869974629430
76.100000000000009,447.920277273031104,14922.775843673807685
76.200000000000003,448.701589278864958,14967.606934693627409
76.299999999999997,449.483177216930471,15012.516170727332792
76.400000000000006,450.265039080512508,15057.503579267875466
76.500000000000000,451.047172855366568,15102.569187607155982
76.600000000000009,451.829576519720320,15147.713022835276206
76.700000000000003,452.612248044275589,15192.935111839784440
76.800000000000011,453.395185392210578,15238.235481304922359
76.900000000000006,454.178386519182197,15283.614157710871950
77.000000000000000,454.961849373328675,15329.071167333007907
77.100000000000009,455.745571895272235,15374.606536241140930
77.200000000000003,456.529552018122331,15420.220290298770124
77.300000000000011,457.313787667478550,15465.912455162326296
77.400000000000006,458.098276761434420,15511.683056280429810
77.500000000000000,458.883017210580647,15557.532118893130246
77.600000000000009,459.668006918009382,15603.459668031166075
77.700000000000003,460.453243779317916,15649.465728515206138
77.800000000000011,461.238725682613222,15695.550324955107499
77.900000000000006,462.024450508516338,15741.713481749160565
78.000000000000000,462.810416130167027,15787.955223083346937
78.100000000000009,463.596620413228777,15834.275572930586350
78.200000000000003,464.383061215893861,15880.674555049990886
78.300000000000011,465.169736388888623,15927.152192986121008
78.400000000000006,465.956643775479108,15973.708510068234318
78.500000000000000,466.743781211476801,16020.343529409541588
78.600000000000009,467.531146525244537,16067.057273906466435
78.700000000000003,468.318737537702589,16113.849766237892254
78.800000000000011,469.106552062335197,16160.721028864423715
78.900000000000006,469.894587905197000,16207.671084027644611
79.000000000000000,470.682842864919905,16254.699953749370252
79.100000000000009,471.471314732719975,16301.807659830908960
79.200000000000003,472.260001292404809,16348.994223852321738
79.300000000000011,473.048900320380710,16396.259667171678302
79.400000000000006,473.838009585660416,16443.604010924318573
79.500000000000000,474.627326849870883,16491.027276022119622
79.600000000000009,475.416849867261249,16538.529483152742614
79.700000000000003,476.206576384711070,16586.110652778916119
79.800000000000011,476.996504141738740,16633.770805137683055
79.900000000000006,477.786630870510066,16681.509960239665816
80.000000000000000,478.576954295847031,16729.328137868345948
80.100000000000009,479.367472135236937,16777.225357579314732
80.200000000000003,480.158182098841451,16825.201638699545583
80.300000000000011,480.949081889506147,16873.257000326662819
80.400000000000006,481.740169202769948,16921.391461328210426
80.500000000000000,482.531441726875130,16969.605040340920823
80.600000000000009,483.322897142777094,17017.897755769987270
80.700000000000003,484.114533124154661,17066.269625788336270
80.800000000000011,484.906347337420470,17114.720668335892697
80.900000000000006,485.698337441731439,17163.250901118866750
81.000000000000000,486.490501088999565,17211.860341609015450
81.100000000000009,487.282835923903008,17260.549007042929588
81.200000000000003,488.075339583897005,17309.316914421309775
81.300000000000011,488.868009699225354,17358.164080508231564
81.400000000000006,489.660843892931837,17407.090521830443322
81.500000000000000,490.453839780872045,17456.096254676634999
81.600000000000009,491.246994971725144,17505.181295096725080
81.700000000000003,492.040307067005983,17554.345658901140268
81.800000000000011,492.833773661077316,17603.589361660098803
81.900000000000006,493.627392341162363,17652.912418702901050
82.000000000000000,494.421160687357258,17702.314845117212826
82.100000000000009,495.215076272643955,17751.796655748352350
82.200000000000003,496.009136662903188,17801.357865198584477
82.300000000000011,496.803339416927599,17850.998487826404016
82.400000000000006,497.597682086435043,17900.718537745829963
82.500000000000000,498.392162216082227,17950.518028825703368
82.600000000000009,499.186777343478184,18000.396974688981572
82.700000000000003,499.981524999198314,18050.355388712021522
82.800000000000011,500.776402706798251,18100.393284023892193
82.900000000000006,501.571407982828248,18150.510673505672457
83.000000000000000,502.366538336847327,18200.707569789734407
83.100000000000009,503.161791271437949,18250.983985259070323
83.200000000000003,503.957164282220731,18301.339932046572358
83.300000000000011,504.752654857869118,18351.775422034352232
83.400000000000006,505.548260480124668,18402.290466853042744
83.500000000000000,506.343978623812063,18452.885077881102916
83.600000000000009,507.139806756854455,18503.559266244126775
83.700000000000003,507.935742340289153,18554.313042814163055
83.800000000000011,508.731782828283031,18605.146418209013063
83.900000000000006,509.527925668148612,18656.059402791557659
84.000000000000000,510.324168300359815,18707.052006669062393
84.100000000000009,511.120508158568271,18758.124239692504489
84.200000000000003,511.916942669619516,18809.276111455881619
84.300000000000011,512.713469253569428,18860.507631295535248
84.400000000000006,513.510085323700764,18911.818808289477602
84.500000000000000,514.306788286540154,18963.209651256707730
84.600000000000009,515.103575541874534,19014.680168756545754
84.700000000000003,515.900444482768535,19066.230369087945292
84.800000000000011,516.697392495581539,19117.860260288838617
84.900000000000006,517.494416959984846,19169.569850135456363
85.000000000000000,518.291515248979522,19221.359146141665406
85.100000000000009,519.088684728913449,19273.228155558295839
85.200000000000003,519.885922759499408,19325.176885372482502
85.300000000000011,520.683226693832808,19377.205342306999228
85.400000000000006,521.480593878409763,19429.313532819600368
85.500000000000000,522.278021653145061,19481.501463102362322
85.600000000000009,523.075507351390684,19533.769139081021422
85.700000000000003,523.873048299953780,19586.116566414326371
85.800000000000011,524.670641819115531,19638.543750493376137
85.900000000000006,525.468285222649683,19691.050696440972388
86.000000000000000,526.265975817841195,19743.637409110971930
86.100000000000009,527.063710905505104,19796.303893087631877
86.200000000000003,527.861487780005746,19849.050152684976638
86.300000000000011,528.659303729275621,19901.876191946135805
86.400000000000006,529.457156034834725,19954.782014642718423
86.500000000000000,530.255041971809874,20007.767624274161790
86.600000000000009,531.052958808954145,20060.833024067098449
86.700000000000003,531.850903808666544,20113.978216974715906
86.800000000000011,532.648874227011447,20167.203205676127254
86.900000000000006,533.446867313738608,20220.507992575738172
87.000000000000000,534.244880312302826,20273.892579802610271
87.100000000000009,535.042910459884183,20327.356969209839008
87.200000000000003,535.840954987407827,20380.901162373927946
87.300000000000011,536.639011119564429,20434.525160594152112
87.400000000000006,537.437076074830316,20488.228964891954092
87.500000000000000,538.235147065487809,20542.012576010307384
87.600000000000009,539.033221297645809,20595.875994413108856
87.700000000000003,539.831295971260261,20649.819220284560288
87.800000000000011,540.629368280154949,20703.842253528546280
87.900000000000006,541.427435412041973,20757.945093768033985
88.000000000000000,542.225494548542770,20812.127740344451013
88.100000000000009,543.023542865209038,20866.390192317088804
88.200000000000003,543.821577531543539,20920.732448462491448
88.300000000000011,544.619595711021248,20975.154507273844501
88.400000000000006,545.417594561110604,21029.656366960389278
88.500000000000000,546.215571233294554,21084.238025446811662
88.600000000000009,547.013522873092029,21138.899480372645485
88.700000000000003,547.811446620078982,21193.640729091679532
88.800000000000011,548.609339607910101,21248.461768671364553
88.900000000000006,549.407198964340182,21303.362595892223908
89.000000000000000,550.205021811245842,21358.343207247256942
89.100000000000009,551.002805264647009,21413.403598941364180
89.200000000000003,551.800546434728403,21468.543766890750703
89.300000000000011,552.598242425861713,21523.763706722351344
89.400000000000006,553.395890336627076,21579.063413773252250
89.500000000000000,554.193487259834910,21634.442883090101532
89.600000000000009,554.991030282548081,21689.902109428545373
89.700000000000003,555.788516486103617,21745.441087252649595
89.800000000000011,556.585942946134878,21801.059810734324856
89.900000000000006,557.383306732593269,21856.758273752766399
90.000000000000000,558.180604909770750,21912.536469893875619
90.100000000000009,558.977834536321780,21968.394392449707084
90.200000000000003,559.774992665285367,22024.332034417893738
90.300000000000011,560.572076344107359,22080.349388501097565
90.400000000000006,561.369082614662943,22136.446447106445703
90.500000000000000,562.166008513278484,22192.623202344973834
90.600000000000009,562.962851070754027,22248.879646031073207
90.700000000000003,563.759607312385697,22305.215769681937672
90.800000000000011,564.556274257988093,22361.631564517021616
90.900000000000006,565.352848921916348,22418.127021457486990
91.000000000000000,566.149328313088972,22474.702131125653978
91.100000000000009,566.945709435009803,22531.356883844469849
91.200000000000003,567.741989285790964,22588.091269636959623
91.300000000000011,568.538164858174810,22644.905278225691291
91.400000000000006,569.334233139556886,22701.798899032237387
91.500000000000000,570.130191112007878,22758.772121176647488
91.600000000000009,570.926035752296684,22815.824933476909791
91.700000000000003,571.721764031912357,22872.957324448427244
91.800000000000011,572.517372917087073,22930.169282303486398
91.900000000000006,573.312859368818181,22987.460794950737181
92.000000000000000,574.108220342891059,23044.831849994669028
92.100000000000009,574.903452789901394,23102.282434735087008
92.200000000000003,575.698553655277919,23159.812536166602513
92.300000000000011,576.493519879304586,23217.422140978105745
92.400000000000006,577.288348397143409,23275.111235552263679
92.500000000000000,578.083036138856414,23332.879805965003470
92.600000000000009,578.877580029428600,23390.727837985003134
92.700000000000003,579.671976988790107,23448.655317073189508
92.800000000000011,580.466223931838840,23506.662228382225294
92.900000000000006,581.260317768462414,23564.748556756017933
93.000000000000000,582.054255403561115,23622.914286729210289
93.100000000000009,582.848033737069954,23681.159402526685881
93.200000000000003,583.641649663980843,23739.483888063077757
93.300000000000011,584.435100074365096,23797.887726942270092
93.400000000000006,585.228381853395717,23856.370902456910699
93.500000000000000,586.021491881369570,23914.933397587919899
93.600000000000009,586.814427033729544,23973.575195004003035
93.700000000000003,587.607184181086723,24032.296277061170258
93.800000000000011,588.399760189242556,24091.096625802252674
93.900000000000006,589.192151919210801,24149.976222956418496
94.000000000000000,589.984356227239573,24208.935049938703742
94.100000000000009,590.776369964833634,24267.973087849524745
94.200000000000003,591.568189978775877,24327.090317474219773
94.300000000000011,592.359813111149492,24386.286719282568811
94.400000000000006,593.151236199359687,24445.562273428320623
94.500000000000000,593.942456076155395,24504.916959748734371
94.600000000000009,594.733469569651334,24564.350757764113951
94.700000000000003,595.524273503349264,24623.863646677342331
94.800000000000011,596.314864696159702,24683.455605373426806
94.900000000000006,597.105239962423525,24743.126612419029698
95.000000000000000,597.895396111933451,24802.876646062024520
95.100000000000009,598.685329949955303,24862.705684231037594
95.200000000000003,599.475038277249382,24922.613704534996941
95.300000000000011,600.264517890091838,24982.600684262677532
95.400000000000006,601.053765580295703,25042.666600382264733
95.500000000000000,601.842778135232038,25102.811429540899553
95.600000000000009,602.631552337851076,25163.035148064238456
95.700000000000003,603.420084966702916,25223.337731956016796
95.800000000000011,604.208372795958553,25283.719156897601351
95.900000000000006,604.996412595430570,25344.179398247557401
96.000000000000000,605.784201130594056,25404.718431041215808
96.100000000000009,606.571735162606728,25465.336229990243737
96.200000000000003,607.359011448330079,25526.032769482200820
96.300000000000011,608.146026740349043,25586.808023580124427
96.400000000000006,608.932777786993029,25647.661966022096749
96.500000000000000,609.719261332355586,25708.594570220819151
96.600000000000009,610.505474116314986,25769.605809263193805
96.700000000000003,611.291412874553657,25830.695655909898051
96.800000000000011,612.077074338578768,25891.864082594969659
96.900000000000006,612.862455235741436,25953.111061425392109
97.000000000000000,613.647552289256964,26014.436564180668938
97.100000000000009,614.432362218223943,26075.840562312430848
97.200000000000003,615.216881737644030,26137.323026944002777
97.300000000000011,616.001107558441277,26198.883928870011005
97.400000000000006,616.785036387481227,26260.523238555972057
97.500000000000000,617.568664927590135,26322.240926137881615
97.600000000000009,618.351989877574169,26384.036961421825254
97.700000000000003,619.135007932237954,26445.911313883560069
97.800000000000011,619.917715782403548,26507.863952668129059
97.900000000000006,620.700110114928975,26569.894846589457302
98.000000000000000,621.482187612726875,26632.003964129962696
98.100000000000009,622.263944954782914,26694.191273440152145
98.200000000000003,623.045378816173752,26756.456742338235927
98.300000000000011,623.826485868085342,26818.800338309742074
98.400000000000006,624.607262777831124,26881.222028507119830
98.500000000000000,625.387706208869417,26943.721779749357665
98.600000000000009,626.167812820821609,27006.299558521597646
98.700000000000003,626.947579269489211,27068.955330974753451
98.800000000000011,627.727002206871816,27131.689062925124745
98.900000000000006,628.506078281184045,27194.500719854029740
99.000000000000000,629.284804136872708,27257.390266907412297
99.100000000000009,630.063176414633972,27320.357668895478128
99.200000000000003,630.841191751429960,27383.402890292312804
99.300000000000011,631.618846780505578,27446.525895235514326
99.400000000000006,632.396138131405110,27509.726647525814769
99.500000000000000,633.173062429988477,27573.005110626723763
99.600000000000009,633.949616298447495,27636.361247664146504
99.700000000000003,634.725796355322018,27699.795021426030871
99.800000000000011,635.501599215515739,27763.306394361992716
99.900000000000006,636.277021490311881,27826.895328582959337
100.000000000000000,637.052059787388885,27890.561785860802047
100.100000000000009,637.826710710835982,27954.305727627986926
100.200000000000003,638.600970861168207,28018.127114977203746
100.300000000000011,639.374836835341512,28082.025908661020367
100.400000000000006,640.148305226767661,28146.002069091518933
100.500000000000000,640.921372625329127,28210.055556339950272
100.600000000000009,641.694035617393524,28274.186330136373726
100.700000000000003,642.466290785828051,28338.394349869311554
100.800000000000011,643.238134710013696,28402.679574585403316
100.900000000000006,644.009563965859343,28467.041962989042077
101.000000000000000,644.780575125815517,28531.481473442050628
101.100000000000009,645.551164758888035,28595.998063963314053
101.200000000000003,646.321329430651758,28660.591692228455940
101.300000000000011,647.091065703263666,28725.262315569478233
101.400000000000006,647.860370135476160,28790.009890974433802
101.500000000000000,648.629239282649678,28854.834375087077206
101.600000000000009,649.397669696766002,28919.735724206533632
101.700000000000003,650.165657926440190,28984.713894286953291
101.800000000000011,650.933200516933539,29049.768840937187633
101.900000000000006,651.700294010165294,29114.900519420436467
102.000000000000000,652.466934944725040,29180.108884653935093
102.100000000000009,653.233119855884183,29245.393891208605055
102.200000000000003,653.998845275607778,29310.755493308734003
102.300000000000011,654.764107732565662,29376.193644831637357
102.400000000000006,655.528903752143947,29441.708299307338166
102.500000000000000,656.293229856455810,29507.299409918228775
102.600000000000009,657.057082564352527,29572.966929498754325
102.700000000000003,657.820458391433704,29638.710810535078053
102.800000000000011,658.583353850058188,29704.531005164764792
102.900000000000006,659.345765449353621,29770.427465176449914
103.000000000000000,660.107689695227123,29836.400142009526462
103.100000000000009,660.869123090374387,29902.448986753810459
103.200000000000003,661.630062134289801,29968.573950149231678
103.300000000000011,662.390503323275425,30034.774982585509861
103.400000000000006,663.150443150450315,30101.052034101830941
103.500000000000000,663.909878105759503,30167.405054386541451
103.600000000000009,664.668804675982528,30233.833992776817468
103.700000000000003,665.427219344742070,30300.338798258359020
103.800000000000011,666.185118592512140,30366.919419465069950
103.900000000000006,666.942498896626375,30433.575804678745044
104.000000000000000,667.699356731285661,30500.307901828753529
104.100000000000009,668.455688567565744,30567.115658491729846
104.200000000000003,669.211490873424964,30633.999021891257144
104.300000000000011,669.966760113710961,30700.957938897565327
104.400000000000006,670.721492750168068,30767.992356027210917
104.500000000000000,671.475685241443898,30835.102219442764181
104.600000000000009,672.229334043095832,30902.287474952514458
104.700000000000003,672.982435607597381,30969.548068010150018
104.800000000000011,673.734986384344211,31036.883943714448833
104.900000000000006,674.486982819659943,31104.295046808976622
105.000000000000000,675.238421356801950,31171.781321681781264
105.100000000000009,675.989298435966475,31239.342712365076295
105.200000000000003,676.739610494294084,31306.979162534949864
105.300000000000011,677.489353965874443,31374.690615511048236
105.400000000000006,678.238525281750867,31442.477014256273833
105.500000000000000,678.987120869925093,31510.338301376479649
105.600000000000009,679.735137155361258,31578.274419120170933
105.700000000000003,680.482570559989995,31646.285309378195961
105.800000000000011,681.229417502712295,31714.370913683444087
105.900000000000006,681.975674399402806,31782.531173210543784
106.000000000000000,682.721337662913356,31850.766028775557061
106.100000000000009,683.466403703075798,31919.075420835684781
106.200000000000003,684.210868926704961,31987.459289488957438
106.300000000000011,684.954729737601156,32055.917574473936838
106.400000000000006,685.697982536552558,32124.450215169417788
106.500000000000000,686.440623721337488,32193.057150594115228
106.600000000000009,687.182649686725767,32261.738319406376831
106.700000000000003,687.924056824480772,32330.493659903877415
106.800000000000011,688.664841523360678,32399.323110023316985
106.900000000000006,689.405000169119717,32468.226607340118790
107.000000000000000,690.144529144508624,32537.204089068134635
107.100000000000009,690.883424829275896,32606.255492059339304
107.200000000000003,691.621683600167785,32675.380752803532232
107.300000000000011,692.359301830928530,32744.579807428039203
107.400000000000006,693.096275892300355,32813.852591697410389
107.500000000000000,693.832602152023014,32883.199041013118403
107.600000000000009,694.568276974833452,32952.619090413259983
107.700000000000003,695.303296722464552,33022.112674572250398
107.800000000000011,696.037657753644339,33091.679727800539695
107.900000000000006,696.771356424094733,33161.320184044292546
108.000000000000000,697.504389086529955,33231.033976885097218
108.100000000000009,698.236752090654363,33300.821039539659978
108.200000000000003,698.968441783160756,33370.681304859514057
108.300000000000011,699.699454507727978,33440.614705330699508
108.400000000000006,700.429786605018194,33510.621173073486716
108.500000000000000,701.159434412674273,33580.700639842056262
108.600000000000009,701.888394265316492,33650.853037024193327
108.700000000000003,702.616662494539582,33721.078295641011209
108.800000000000011,703.344235428908632,33791.376346346616629
108.900000000000006,704.071109393955680,33861.747119427825965
109.000000000000000,704.797280712175507,33932.190544803852390
109.100000000000009,705.522745703021315,34002.706552026014833
109.200000000000003,706.247500682899954,34073.295070277425111
109.300000000000011,706.971541965167376,34143.956028372675064
109.400000000000006,707.694865860123514,34214.689354757552792
109.500000000000000,708.417468675006603,34285.494977508707962
109.600000000000009,709.139346713988061,34356.372824333368044
109.700000000000003,709.860496278166238,34427.322822569018172
109.800000000000011,710.580913665560502,34498.344899183110101
109.900000000000006,711.300595171104874,34569.438980772742070
110.000000000000000,712.019537086641435,34640.604993564338656
110.100000000000009,712.737735700913163,34711.842863413367013
110.200000000000003,713.455187299557338,34783.152515804009454
110.300000000000011,714.171888165097585,34854.533875848850585
110.400000000000006,714.887834576936712,34925.986868288578989
110.500000000000000,715.603022811348524,34997.511417491659813
110.600000000000009,716.317449141469751,35069.107447454043722
110.700000000000003,717.031109837291751,35140.774881798817660
110.800000000000011,717.744001165651639,35212.513643775921082
110.900000000000006,718.456119390223648,35284.323656261825818
111.000000000000000,719.167460771509582,35356.204841759194096
111.100000000000009,719.878021566829602,35428.157122396594787
111.200000000000003,720.587798030312797,35500.180419928168703
111.300000000000011,721.296786412886718,35572.274655733301188
111.400000000000006,722.004982962267491,35644.439750816309243
111.500000000000000,722.712383922949357,35716.675625806135940
111.600000000000009,723.418985536193873,35788.982200955993903
111.700000000000003,724.124784040018994,35861.359396143066988
111.800000000000011,724.829775669187825,35933.807130868182867
111.900000000000006,725.533956655197244,36006.325324255471060
112.000000000000000,726.237323226265858,36078.913895052057342
112.100000000000009,726.939871607322516,36151.572761627729051
112.200000000000003,727.641598019993467,36224.301841974585841
112.300000000000011,728.342498682590303,36297.101053706734092
112.400000000000006,729.042569810096893,36369.970314059937664
112.500000000000000,729.741807614156755,36442.909539891305030
112.600000000000009,730.440208303059421,36515.918647678932757
112.700000000000003,731.137768081726904,36588.997553521578084
112.800000000000011,731.834483151700169,36662.146173138324230
112.900000000000006,732.530349711124927,36735.364421868238423
113.000000000000000,733.225363954737304,36808.652214670029934
113.100000000000009,733.919522073849294,36882.009466121708101
113.200000000000003,734.612820256334089,36955.436090420247638
113.300000000000011,735.305254686610965,37028.932001381239388
113.400000000000006,735.996821545629814,37102.497112438533804
113.500000000000000,736.687517010855572,37176.131336643913528
113.600000000000009,737.377337256252645,37249.834586666722316
113.700000000000003,738.066278452268648,37323.606774793523073
113.800000000000011,738.754336765817925,37397.447812927763152
113.900000000000006,739.441508360265289,37471.357612589388737
114.000000000000000,740.127789395408968,37545.336084914510138
114.100000000000009,740.813176027463328,37619.383140655038005
114.200000000000003,741.497664409041931,37693.498690178326797
114.300000000000011,742.181250689139574,37767.682643466803711
114.400000000000006,742.863931013114666,37841.934910117619438
114.500000000000000,743.545701522670925,37916.255399342284363
114.600000000000009,744.226558355839074,37990.644019966282940
114.700000000000003,744.906497646958201,38065.100680428724445
114.800000000000011,745.585515526656991,38139.625288781964628
114.900000000000006,746.263608121834523,38214.217752691241913
115.000000000000000,746.940771555640936,38288.877979434291774
115.100000000000009,747.617001947457538,38363.605875900975661
115.200000000000003,748.292295412877252,38438.401348592909926
115.300000000000011,748.966648063684374,38513.264303623072919
115.400000000000006,749.640056007834232,38588.194646715433919
115.500000000000000,750.312515349432374,38663.192283204560226
115.600000000000009,750.984022188713880,38738.257118035246094
115.700000000000003,751.654572622022215,38813.389055762105272
115.800000000000011,752.324162741787632,38888.588000549199933
115.900000000000006,752.992788636505679,38963.853856169633218
116.000000000000000,753.660446390715379,39039.186526005156338
116.100000000000009,754.327132084977052,39114.585913045782945
116.200000000000003,754.992841795849813,39190.051919889381679
116.300000000000011,755.657571595869172,39265.584448741268716
116.400000000000006,756.321317553523954,39341.183401413814863
116.500000000000000,756.984075733233226,39416.848679326045385
116.600000000000009,757.645842195322871,39492.580183503210719
116.700000000000003,758.306612996002173,39568.377814576400851
116.800000000000011,758.966384187339600,39644.241472782108758
116.900000000000006,759.625151817239157,39720.171057961830229
117.000000000000000,760.282911929415491,39796.166469561641861
117.100000000000009,760.939660563369671,39872.227606631779054
117.200000000000003,761.595393754364295,39948.354367826221278
117.300000000000011,762.250107533398136,40024.546651402255520
117.400000000000006,762.903797927181017,40100.804355220061552
117.500000000000000,763.556460958108119,40177.127376742268098
117.600000000000009,764.208092644234398,40253.515613033530826
117.700000000000003,764.858688999248102,40329.968960760088521
117.800000000000011,765.508246032444731,40406.487316189326521
117.900000000000006,766.156759748700438,40483.070575189347437
